703156415727543209
2339671620559565535
11957252559955644610
11992207329943017595
17391876010827368129
15340327493252569403
7911719518459511182
14798385438966112858
6258942790111245167
7713631324984141109
11993341331461636479
6604396788122456018
12306107471382939109
8206501167089065534
1344724094994232449
7666751652190374295
10706223515489131124
14545987415879748832
16531430776902042262
17774158847707528897
17127326189061131746
18393253366842515190
60816694539869144
17923228302377955536
17417610958245758144
13742622440444883111
3339607533039925600
3409641290571247704
6254903408773826578
12460289317383478184
3322257275881097758
1649008078308115615
17623228174747447911
6591423368422516130
3547735648261997927
16641284787747935926
15918521557632905552
2145641144543243984
15350631801640515107
3679189847882645829
15326544616639238087
10065939008420693486
15299887266529964405
2171872460815043037
3866127838259738597
1912663594999190246
11328983027627410319
12984406681419136662
12401549339695359280
8462222896946394191
6351162609724127082
6323448769504886262
6847808368432608653
16357821936167751863
14236507574159969016
5674995185422903234
12250272967903039056
16856257350307240161
14674280279434171764
8338197966530913904
14068213699172923765
9046188683538850184
6050305469116066009
9849645392161396125
14189915877736358886
15226464372677972933
6689144828030930259
15692619989983670678
11295077357329290019
9048323744550743149
6337711233770092680
5772263121055025968
13411016024745036502
12464118870193219337
13929275577904045960
6165216282235966104
2450347780958948960
3372879629034204595
